0 1003 2046 1975 2282 1750 1547 1688 2715 3470
1003 0 1033 1279 1393 855 657 686 1709 2630
2046 1033 0 1343 1413 464 530 661 729 2148
1975 1279 1343 0 2391 1613 1549 838 1749 1089
2282 1393 1413 2391 0 1110 993 1642 2052 3511
1750 855 464 1613 1110 0 237 823 1025 2552
1547 657 530 1549 993 237 0 649	1175 2549
1688 686 661 838 1642 823 649 0	1294 2144
2715 1709 729 1749 2052 1025 1175 1294 0 2063
3470 2630 2148 1089 3511 2552 2549 2144 2063 0